Spatial step = 400.0 m
Time step = 300 s
Theta = 0.8
Channel length = 8000
Channel width = 3000.0
Manning's coefficient = 0.029
Bed slope = 0.00010000000000000143

##############################################################

Upstream boundary:
Initial depth = 0
Condition: Flow hydrograph
	Values:
		0.00, 1562.50
		300.00, 1561.90
		600.00, 1561.26
		900.00, 1560.58
		1200.00, 1559.85
		1500.00, 1559.06
		1800.00, 1558.19
		2100.00, 1557.21
		2400.00, 1556.07
		2700.00, 1554.72
		3000.00, 1553.13
		3300.00, 1551.36
		3600.00, 1549.57
		3900.00, 1548.03
		4200.00, 1547.05
		4500.00, 1546.79
		4800.00, 1547.07
		5100.00, 1547.26
		5400.00, 1546.21
		5700.00, 1542.65
		6000.00, 1535.64
		6300.00, 1525.25
		6600.00, 1513.11
		6900.00, 1502.41
		7200.00, 1497.37
		7500.00, 1501.94
		7800.00, 1518.08
		8100.00, 1544.22
		8400.00, 1574.51
		8700.00, 1599.43
		9000.00, 1608.07
		9300.00, 1591.63
		9600.00, 1547.30
		9900.00, 1481.19
		10200.00, 1408.96
		10500.00, 1353.13
		10800.00, 1337.29
		11100.00, 1378.17
		11400.00, 1478.14
		11700.00, 1620.86
		12000.00, 1772.23
		12300.00, 1887.50
		12600.00, 1923.26
		12900.00, 1851.48
		13200.00, 1671.85
		13500.00, 1418.33
		13800.00, 1156.10
		14100.00, 967.35
		14400.00, 927.69
		14700.00, 1079.70
		15000.00, 1413.25
		15300.00, 1860.78
		15600.00, 2310.53
		15900.00, 2634.12
		16200.00, 2720.89
		16500.00, 2511.20
		16800.00, 2021.98
		17100.00, 1357.36
		17400.00, 695.22
		17700.00, 244.29
		18000.00, 179.23
		18300.00, 575.43
		18600.00, 1372.53
		18900.00, 2384.69
		19200.00, 3352.04
		19500.00, 4010.19
		19800.00, 4154.99
		20100.00, 3693.16
		20400.00, 2682.07
		20700.00, 1346.87
		21000.00, 47.86
		21300.00, -806.50
		21600.00, -899.90
		21900.00, -139.67
		22200.00, 1313.95
		22500.00, 3083.41
		22800.00, 4704.48
		23100.00, 5757.53
		23400.00, 5953.66
		23700.00, 5181.65
		24000.00, 3555.11
		24300.00, 1440.63
		24600.00, -588.52
		24900.00, -1882.54
		25200.00, -1979.75
		25500.00, -807.63
		25800.00, 1333.69
		26100.00, 3854.17
		26400.00, 6088.82
		26700.00, 7498.35
		27000.00, 7755.16
		27300.00, 6756.18
		27600.00, 4663.23
		27900.00, 1952.28
		28200.00, -632.98
		28500.00, -2252.80
		28800.00, -2336.84
		29100.00, -843.76
		29400.00, 1799.25
		29700.00, 4827.00
		30000.00, 7444.87
		30300.00, 9066.08
		30600.00, 9376.95
		30900.00, 8306.47
		31200.00, 6044.17
		31500.00, 3108.89
		31800.00, 313.43
		32100.00, -1446.46
		32400.00, -1558.91
		32700.00, 14.63
		33000.00, 2776.99
		33300.00, 5887.40
		33600.00, 8530.68
		33900.00, 10148.52
		34200.00, 10476.54
		34500.00, 9489.76
		34800.00, 7391.69
		35100.00, 4673.94
		35400.00, 2097.71
		35700.00, 481.93
		36000.00, 373.62
		36300.00, 1798.73
		36600.00, 4266.44
		36900.00, 7021.53
		37200.00, 9356.97
		37500.00, 10801.97
		37800.00, 11149.75
		38100.00, 10409.41
		38400.00, 8778.26
		38700.00, 6659.19
		39000.00, 4642.99
		39300.00, 3358.22
		39600.00, 3221.25
		39900.00, 4251.54
		40200.00, 6085.37
		40500.00, 8163.63
		40800.00, 9954.74
		41100.00, 11093.38
		41400.00, 11413.12
		41700.00, 10922.96
		42000.00, 9783.69
		42300.00, 8297.17
		42600.00, 6872.53
		42900.00, 5927.05
		43200.00, 5739.16
		43500.00, 6339.12
		43800.00, 7511.76
		44100.00, 8902.79
		44400.00, 10154.77
		44700.00, 11004.47
		45000.00, 11320.92
		45300.00, 11102.96
		45600.00, 10462.23
		45900.00, 9600.64
		46200.00, 8772.70
		46500.00, 8222.80
		46800.00, 8111.04
		47100.00, 8462.30
		47400.00, 9167.59
		47700.00, 10034.31
		48000.00, 10855.90
		48300.00, 11468.97
		48600.00, 11783.37
		48900.00, 11788.09
		49200.00, 11541.99
		49500.00, 11155.64
		49800.00, 10765.00
		50100.00, 10498.02
		50400.00, 10440.92
		50700.00, 10616.10
		51000.00, 10981.11
		51300.00, 11448.13
		51600.00, 11914.34
		51900.00, 12290.86
		52200.00, 12522.06
		52500.00, 12593.18
		52800.00, 12528.16
		53100.00, 12380.16
		53400.00, 12217.05
		53700.00, 12104.28
		54000.00, 12088.76
		54300.00, 12188.32
		54600.00, 12390.03
		54900.00, 12657.31
		55200.00, 12942.79
		55500.00, 13201.96
		55800.00, 13403.75
		56100.00, 13535.93
		56400.00, 13605.26
		56700.00, 13633.28
		57000.00, 13649.32
		57300.00, 13682.41
		57600.00, 13754.12
		57900.00, 13873.97
		58200.00, 14038.39
		58500.00, 14233.30
		58800.00, 14438.97
		59100.00, 14635.61
		59400.00, 14808.06
		59700.00, 14948.56
		60000.00, 15057.38
		60300.00, 15141.46
		60600.00, 15211.79
		60900.00, 15280.20
		61200.00, 15356.49
		61500.00, 15446.36
		61800.00, 15550.66
		62100.00, 15666.00
		62400.00, 15786.23
		62700.00, 15904.48
		63000.00, 16014.97
		63300.00, 16114.35
		63600.00, 16202.26
		63900.00, 16281.04
		64200.00, 16354.92
		64500.00, 16428.83
		64800.00, 16507.21
		65100.00, 16593.13
		65400.00, 16687.81
		65700.00, 16790.65
		66000.00, 16899.71
		66300.00, 17012.40
		66600.00, 17126.31
		66900.00, 17239.81
		67200.00, 17352.36
		67500.00, 17464.36
		67800.00, 17576.72
		68100.00, 17690.19
		68400.00, 17804.79
		68700.00, 17919.60
		69000.00, 18032.91
		69300.00, 18142.66
		69600.00, 18246.96
		69900.00, 18344.56
		70200.00, 18434.97
		70500.00, 18518.51
		70800.00, 18596.19
		71100.00, 18669.49
		71400.00, 18740.29
		71700.00, 18810.73
		72000.00, 18883.04
		72300.00, 18959.38
		72600.00, 19041.44
		72900.00, 19130.13
		73200.00, 19225.25
		73500.00, 19325.39
		73800.00, 19428.10
		74100.00, 19530.42
		74400.00, 19629.53
		74700.00, 19723.49
		75000.00, 19811.71
		75300.00, 19895.11
		75600.00, 19975.76
		75900.00, 20056.18
		76200.00, 20138.45
		76500.00, 20223.39
		76800.00, 20310.17
		77100.00, 20396.37
		77400.00, 20478.63
		77700.00, 20553.61
		78000.00, 20619.06
		78300.00, 20674.60
		78600.00, 20722.00
		78900.00, 20764.82
		79200.00, 20807.59
		79500.00, 20854.59
		79800.00, 20908.74
		80100.00, 20970.90
		80400.00, 21039.65
		80700.00, 21111.89
		81000.00, 21183.76
		81300.00, 21251.80
		81600.00, 21313.94
		81900.00, 21370.01
		82200.00, 21421.66
		82500.00, 21471.74
		82800.00, 21523.37
		83100.00, 21578.89
		83400.00, 21639.18
		83700.00, 21703.33
		84000.00, 21769.00
		84300.00, 21833.02
		84600.00, 21892.41
		84900.00, 21945.15
		85200.00, 21990.70
		85500.00, 22030.15
		85800.00, 22065.74
		86100.00, 22100.29
		86400.00, 22136.29
		86700.00, 22175.33
		87000.00, 22217.69
		87300.00, 22262.38
		87600.00, 22307.59
		87900.00, 22351.25
		88200.00, 22391.70
		88500.00, 22428.12
		88800.00, 22460.74
		89100.00, 22490.66
		89400.00, 22519.47
		89700.00, 22548.73
		90000.00, 22579.52
		90300.00, 22612.10
		90600.00, 22645.94
		90900.00, 22679.83
		91200.00, 22712.34
		91500.00, 22742.15
		91800.00, 22768.44
		92100.00, 22791.04
		92400.00, 22810.39
		92700.00, 22827.39
		93000.00, 22843.02
		93300.00, 22858.13
		93600.00, 22873.16
		93900.00, 22888.10
		94200.00, 22902.53
		94500.00, 22915.81
		94800.00, 22927.32
		95100.00, 22936.68
		95400.00, 22943.81
		95700.00, 22949.01
		96000.00, 22952.86
		96300.00, 22956.00
		96600.00, 22959.02
		96900.00, 22962.31
		97200.00, 22965.93
		97500.00, 22969.71
		97800.00, 22973.28
		98100.00, 22976.22
		98400.00, 22978.14
		98700.00, 22978.84
		99000.00, 22978.28
		99300.00, 22976.53
		99600.00, 22973.80
		99900.00, 22970.24
		100200.00, 22965.96
		100500.00, 22960.94
		100800.00, 22955.08
		101100.00, 22948.22
		101400.00, 22940.20
		101700.00, 22930.91
		102000.00, 22920.37
		102300.00, 22908.72
		102600.00, 22896.19
		102900.00, 22883.07
		103200.00, 22869.65
		103500.00, 22856.19
		103800.00, 22842.86
		104100.00, 22829.76
		104400.00, 22816.92
		104700.00, 22804.31
		105000.00, 22791.88
		105300.00, 22779.58
		105600.00, 22767.34
		105900.00, 22755.11
		106200.00, 22742.81
		106500.00, 22730.34
		106800.00, 22717.56
		107100.00, 22704.29
		107400.00, 22690.36
		107700.00, 22675.58
		108000.00, 22659.79
		108300.00, 22642.90
		108600.00, 22624.86
		108900.00, 22605.71
		109200.00, 22585.54
		109500.00, 22564.47
		109800.00, 22542.68
		110100.00, 22520.34
		110400.00, 22497.61
		110700.00, 22474.64
		111000.00, 22451.57
		111300.00, 22428.53
		111600.00, 22405.59
		111900.00, 22382.83
		112200.00, 22360.29
		112500.00, 22337.97
		112800.00, 22315.84
		113100.00, 22293.80
		113400.00, 22271.74
		113700.00, 22249.49
		114000.00, 22226.86
		114300.00, 22203.68
		114600.00, 22179.76
		114900.00, 22154.97
		115200.00, 22129.21
		115500.00, 22102.43
		115800.00, 22074.65
		116100.00, 22045.92
		116400.00, 22016.33
		116700.00, 21985.99
		117000.00, 21955.04
		117300.00, 21923.62
		117600.00, 21891.87
		117900.00, 21859.93
		118200.00, 21827.92
		118500.00, 21795.97
		118800.00, 21764.17
		119100.00, 21732.59
		119400.00, 21701.27
		119700.00, 21670.20
		120000.00, 21639.33
		120300.00, 21608.56
		120600.00, 21577.74
		120900.00, 21546.71
		121200.00, 21515.30
		121500.00, 21483.34
		121800.00, 21450.68
		122100.00, 21417.23
		122400.00, 21382.92
		122700.00, 21347.74
		123000.00, 21311.71
		123300.00, 21274.90
		123600.00, 21237.40
		123900.00, 21199.30
		124200.00, 21160.73
		124500.00, 21121.78
		124800.00, 21082.59
		125100.00, 21043.26
		125400.00, 21003.90
		125700.00, 20964.61
		126000.00, 20925.46
		126300.00, 20886.51
		126600.00, 20847.76
		126900.00, 20809.19
		127200.00, 20770.72
		127500.00, 20732.25
		127800.00, 20693.65
		128100.00, 20654.74
		128400.00, 20615.39
		128700.00, 20575.44
		129000.00, 20534.78
		129300.00, 20493.34
		129600.00, 20451.07
		129900.00, 20407.99
		130200.00, 20364.13
		130500.00, 20319.55
		130800.00, 20274.33
		131100.00, 20228.56
		131400.00, 20182.33
		131700.00, 20135.74
		132000.00, 20088.87
		132300.00, 20041.80
		132600.00, 19994.63
		132900.00, 19947.40
		133200.00, 19900.19
		133500.00, 19853.00
		133800.00, 19805.85
		134100.00, 19758.70
		134400.00, 19711.49
		134700.00, 19664.15
		135000.00, 19616.61
		135300.00, 19568.77
		135600.00, 19520.60
		135900.00, 19472.05
		136200.00, 19423.14
		136500.00, 19373.91
		136800.00, 19324.44
		137100.00, 19274.83
		137400.00, 19225.18
		137700.00, 19175.63
		138000.00, 19126.27
		138300.00, 19077.21
		138600.00, 19028.54
		138900.00, 18980.31
		139200.00, 18932.61
		139500.00, 18885.47
		139800.00, 18838.95
		140100.00, 18793.08
		140400.00, 18747.87
		140700.00, 18703.32
		141000.00, 18659.38
		141300.00, 18615.99
		141600.00, 18573.04
		141900.00, 18530.43
		142200.00, 18488.01
		142500.00, 18445.66
		142800.00, 18403.28
		143100.00, 18360.76
		143400.00, 18318.04
		143700.00, 18275.08
		144000.00, 18231.85
		144300.00, 18188.34
		144600.00, 18144.55
		144900.00, 18100.47
		145200.00, 18056.10
		145500.00, 18011.46
		145800.00, 17966.59
		146100.00, 17921.51
		146400.00, 17876.28
		146700.00, 17830.95
		147000.00, 17785.55
		147300.00, 17740.10
		147600.00, 17694.59
		147900.00, 17648.96
		148200.00, 17603.16
		148500.00, 17557.11
		148800.00, 17510.75
		149100.00, 17464.00
		149400.00, 17416.85
		149700.00, 17369.27
		150000.00, 17321.27
		150300.00, 17272.86
		150600.00, 17224.05
		150900.00, 17174.86
		151200.00, 17125.30
		151500.00, 17075.40
		151800.00, 17025.20
		152100.00, 16974.76
		152400.00, 16924.14
		152700.00, 16873.44
		153000.00, 16822.73
		153300.00, 16772.05
		153600.00, 16721.45
		153900.00, 16670.93
		154200.00, 16620.48
		154500.00, 16570.06
		154800.00, 16519.63
		155100.00, 16469.16
		155400.00, 16418.63
		155700.00, 16368.03
		156000.00, 16317.33
		156300.00, 16266.51
		156600.00, 16215.56
		156900.00, 16164.44
		157200.00, 16113.12
		157500.00, 16061.57
		157800.00, 16009.79
		158100.00, 15957.79
		158400.00, 15905.61
		158700.00, 15853.31
		159000.00, 15800.97
		159300.00, 15748.64
		159600.00, 15696.37
		159900.00, 15644.20
		160200.00, 15592.14
		160500.00, 15540.19
		160800.00, 15488.33
		161100.00, 15436.56
		161400.00, 15384.85
		161700.00, 15333.21
		162000.00, 15281.64
		162300.00, 15230.14
		162600.00, 15178.68
		162900.00, 15127.24
		163200.00, 15075.79
		163500.00, 15024.29
		163800.00, 14972.71
		164100.00, 14921.04
		164400.00, 14869.29
		164700.00, 14817.51
		165000.00, 14765.75
		165300.00, 14714.12
		165600.00, 14662.69
		165900.00, 14611.56
		166200.00, 14560.80
		166500.00, 14510.49
		166800.00, 14460.65
		167100.00, 14411.32
		167400.00, 14362.52
		167700.00, 14314.28
		168000.00, 14266.59
		168300.00, 14219.48
		168600.00, 14172.93
		168900.00, 14126.95
		169200.00, 14081.52
		169500.00, 14036.61
		169800.00, 13992.18
		170100.00, 13948.19
		170400.00, 13904.61
		170700.00, 13861.38
		171000.00, 13818.48
		171300.00, 13775.87
		171600.00, 13733.53
		171900.00, 13691.43
		172200.00, 13649.55
		172500.00, 13607.84
		172800.00, 13566.27
		173100.00, 13524.78
		173400.00, 13483.33
		173700.00, 13441.86
		174000.00, 13400.32
		174300.00, 13358.68
		174600.00, 13316.90
		174900.00, 13274.98
		175200.00, 13232.90
		175500.00, 13190.67
		175800.00, 13148.26
		176100.00, 13105.68
		176400.00, 13062.88
		176700.00, 13019.83
		177000.00, 12976.50
		177300.00, 12932.83
		177600.00, 12888.82
		177900.00, 12844.45
		178200.00, 12799.74
		178500.00, 12754.72
		178800.00, 12709.46
		179100.00, 12663.99
		179400.00, 12618.36
		179700.00, 12572.64
		180000.00, 12526.85
		180300.00, 12481.05
		180600.00, 12435.29
		180900.00, 12389.63
		181200.00, 12344.14
		181500.00, 12298.92
		181800.00, 12254.03
		182100.00, 12209.52
		182400.00, 12165.44
		182700.00, 12121.79
		183000.00, 12078.53
		183300.00, 12035.64
		183600.00, 11993.07
		183900.00, 11950.80
		184200.00, 11908.83
		184500.00, 11867.16
		184800.00, 11825.83
		185100.00, 11784.86
		185400.00, 11744.25
		185700.00, 11703.99
		186000.00, 11664.05
		186300.00, 11624.38
		186600.00, 11584.96
		186900.00, 11545.75
		187200.00, 11506.77
		187500.00, 11468.03
		187800.00, 11429.57
		188100.00, 11391.42
		188400.00, 11353.60
		188700.00, 11316.12
		189000.00, 11278.92
		189300.00, 11241.97
		189600.00, 11205.21
		189900.00, 11168.61
		190200.00, 11132.16
		190500.00, 11095.85
		190800.00, 11059.71
		191100.00, 11023.77
		191400.00, 10988.03
		191700.00, 10952.47
		192000.00, 10917.06
		192300.00, 10881.76
		192600.00, 10846.52
		192900.00, 10811.31
		193200.00, 10776.13
		193500.00, 10740.99
		193800.00, 10705.94
		194100.00, 10671.01
		194400.00, 10636.24
		194700.00, 10601.62
		195000.00, 10567.12
		195300.00, 10532.71
		195600.00, 10498.34
		195900.00, 10463.99
		196200.00, 10429.65
		196500.00, 10395.35
		196800.00, 10361.15
		197100.00, 10327.10
		197400.00, 10293.22
		197700.00, 10259.54
		198000.00, 10226.02
		198300.00, 10192.59
		198600.00, 10159.20
		198900.00, 10125.76
		199200.00, 10092.26
		199500.00, 10058.69
		199800.00, 10025.08
		200100.00, 9991.51
		200400.00, 9958.02
		200700.00, 9924.65
		201000.00, 9891.41
		201300.00, 9858.26
		201600.00, 9825.14
		201900.00, 9791.99
		202200.00, 9758.77
		202500.00, 9725.47
		202800.00, 9692.10
		203100.00, 9658.73
		203400.00, 9625.45
		203700.00, 9592.31
		204000.00, 9559.36
		204300.00, 9526.62
		204600.00, 9494.03
		204900.00, 9461.53
		205200.00, 9429.06
		205500.00, 9396.54
		205800.00, 9363.94
		206100.00, 9331.27
		206400.00, 9298.56
		206700.00, 9265.86
		207000.00, 9233.21
		207300.00, 9200.67
		207600.00, 9168.21
		207900.00, 9135.82
		208200.00, 9103.44
		208500.00, 9071.02
		208800.00, 9038.53
		209100.00, 9005.94
		209400.00, 8973.28
		209700.00, 8940.60
		210000.00, 8907.96
		210300.00, 8875.43
		210600.00, 8843.03
		210900.00, 8810.80
		211200.00, 8778.72
		211500.00, 8746.75
		211800.00, 8714.84
		212100.00, 8682.94
		212400.00, 8651.03
		212700.00, 8619.08
		213000.00, 8587.12
		213300.00, 8555.15
		213600.00, 8523.21
		213900.00, 8491.31
		214200.00, 8459.46
		214500.00, 8427.64
		214800.00, 8395.83
		215100.00, 8364.01
		215400.00, 8332.14
		215700.00, 8300.22
		216000.00, 8268.26
		216300.00, 8236.30
		216600.00, 8204.38
		216900.00, 8172.55
		217200.00, 8140.87
		217500.00, 8109.37
		217800.00, 8078.08
		218100.00, 8047.01
		218400.00, 8016.16
		218700.00, 7985.50
		219000.00, 7955.04
		219300.00, 7924.77
		219600.00, 7894.67
		219900.00, 7864.77
		220200.00, 7835.05
		220500.00, 7805.54
		220800.00, 7776.23
		221100.00, 7747.12
		221400.00, 7718.19
		221700.00, 7689.42
		222000.00, 7660.82
		222300.00, 7632.36
		222600.00, 7604.05
		222900.00, 7575.89
		223200.00, 7547.91
		223500.00, 7520.13
		223800.00, 7492.56
		224100.00, 7465.21
		224400.00, 7438.09
		224700.00, 7411.17
		225000.00, 7384.43
		225300.00, 7357.84
		225600.00, 7331.37
		225900.00, 7305.02
		226200.00, 7278.78
		226500.00, 7252.67
		226800.00, 7226.73
		227100.00, 7201.00
		227400.00, 7175.49
		227700.00, 7150.21
		228000.00, 7125.12
		228300.00, 7100.17
		228600.00, 7075.28
		228900.00, 7050.39
		229200.00, 7025.43
		229500.00, 7000.39
		229800.00, 6975.29
		230100.00, 6950.18
		230400.00, 6925.16
		230700.00, 6900.31
		231000.00, 6875.70
		231300.00, 6851.33
		231600.00, 6827.18
		231900.00, 6803.14
		232200.00, 6778.99
		232500.00, 6754.24
		232800.00, 6727.83
		233100.00, 6697.77
		233400.00, 6660.83
		233700.00, 6612.70
		234000.00, 6548.81
		234300.00, 6465.44
		234600.00, 6360.58
		234900.00, 6233.92
		235200.00, 6085.89
		235500.00, 5916.35
		235800.00, 5724.13
		236100.00, 5508.52
		236400.00, 5272.86
		236700.00, 5030.08
		237000.00, 4808.28
		237300.00, 4653.70
		237600.00, 4627.47
		237900.00, 4792.43
		238200.00, 5189.09
		238500.00, 5803.99
		238800.00, 6540.26
		239100.00, 7204.12
		239400.00, 7520.38
		239700.00, 7181.72
		240000.00, 5945.99
		240300.00, 3755.01
		240600.00, 838.99
		240900.00, -2204.84
		241200.00, -4422.09
		241500.00, -4944.65
		241800.00, -3377.73
		242100.00, 116.24
		242400.00, 4850.32
		242700.00, 9591.39
		243000.00, 12978.45
		243300.00, 13851.50
		243600.00, 11460.77
		243900.00, 5390.62
		244200.00, -4081.04
		244500.00, -14198.91
		244800.00, -20756.01
		245100.00, -21266.66
		245400.00, -15972.52
		245700.00, -6875.51
		246000.00, 3997.48
		246300.00, 14352.19
		246600.00, 21516.39
		246900.00, 24091.01
		247200.00, 22297.50
		247500.00, 15807.07
		247800.00, 2844.73
		248100.00, -15491.24
		248400.00, -29928.81
		248700.00, -34020.98
		249000.00, -27395.68
		249300.00, -13913.32
		249600.00, 2445.70
		249900.00, 17546.66
		250200.00, 26474.66
		250500.00, 28402.17
		250800.00, 25775.25
		251100.00, 18827.08
		251400.00, 3512.82
		251700.00, -19851.65
		252000.00, -38079.66
		252300.00, -43713.25
		252600.00, -36538.81
		252900.00, -21348.08
		253200.00, -3423.54
		253500.00, 13295.16
		253800.00, 24474.75
		254100.00, 28499.12
		254400.00, 26830.25
		254700.00, 20014.84
		255000.00, 5492.04
		255300.00, -16385.03
		255600.00, -33705.21
		255900.00, -38496.48
		256200.00, -30935.14
		256500.00, -16329.53
		256800.00, 288.90
		257100.00, 15379.33
		257400.00, 25581.62
		257700.00, 29609.58
		258000.00, 28641.06
		258300.00, 23809.15
		258600.00, 13433.79
		258900.00, -4383.61
		259200.00, -22579.18
		259500.00, -30821.93
		259800.00, -26695.02
		260100.00, -13792.67
		260400.00, 2946.50
		260700.00, 18574.51
		261000.00, 28287.91
		261300.00, 31012.46
		261600.00, 28975.67
		261900.00, 23198.12
		262200.00, 10899.06
		262500.00, -9167.98
		262800.00, -27621.54
		263100.00, -35340.32
		263400.00, -30855.12
		263700.00, -18078.32
		264000.00, -2249.34
		264300.00, 12401.13
		264600.00, 22369.32
		264900.00, 26709.11
		265200.00, 26168.27
		265500.00, 21211.29
		265800.00, 11052.65
		266100.00, -3718.59
		266400.00, -16915.29
		266700.00, -21842.88
		267000.00, -17530.97
		267300.00, -7129.04
		267600.00, 5456.21
		267900.00, 16476.32
		268200.00, 23512.20
		268500.00, 26178.94
		268800.00, 25138.90
		269100.00, 20709.74
		269400.00, 12361.19
		269700.00, 488.78
		270000.00, -10786.99
		270300.00, -15833.46
		270600.00, -12896.77
		270900.00, -3826.53
		271200.00, 7948.76
		271500.00, 18161.81
		271800.00, 24155.66
		272100.00, 25598.50
		272400.00, 23113.10
		272700.00, 16559.58
		273000.00, 5391.24
		273300.00, -8679.21
		273600.00, -19931.36
		273900.00, -24031.94
		274200.00, -20424.97
		274500.00, -11555.15
		274800.00, -767.19
		275100.00, 9107.69
		275400.00, 15908.72
		275700.00, 19024.92
		276000.00, 18678.13
		276300.00, 15118.97
		276600.00, 8755.30
		276900.00, 956.73
		277200.00, -5613.41
		277500.00, -8209.85
		277800.00, -6148.22
		278100.00, -619.09
		278400.00, 6356.18
		278700.00, 12570.14
		279000.00, 16679.20
		279300.00, 18291.19
		279600.00, 17468.92
		279900.00, 14350.36
		280200.00, 9253.68
		280500.00, 3115.20
		280800.00, -2368.32
		281100.00, -5267.85
		281400.00, -4609.90
		281700.00, -775.76
		282000.00, 4854.77
		282300.00, 10256.96
		282600.00, 13852.67
		282900.00, 14894.45
		283200.00, 13215.02
		283500.00, 8956.02
		283800.00, 2642.38
		284100.00, -4518.46
		284400.00, -10404.68
		284700.00, -13288.68
		285000.00, -12642.70
		285300.00, -9160.61
		285600.00, -4204.38
		285900.00, 896.47
		286200.00, 5111.22
		286500.00, 7805.53
		286800.00, 8859.58
		287100.00, 8481.41
		287400.00, 7067.68
		287700.00, 5147.62
		288000.00, 3323.65
		288300.00, 2139.92
		288600.00, 1916.19
		288900.00, 2654.89
		289200.00, 4080.07
		289500.00, 5771.88
		289800.00, 7315.06
		290100.00, 8394.87
		290400.00, 8823.68
		290700.00, 8521.35
		291000.00, 7495.83
		291300.00, 5877.46
		291600.00, 3920.15
		291900.00, 1959.08
		292200.00, 343.13
		292500.00, -637.69
		292800.00, -832.15
		293100.00, -283.93
		293400.00, 766.85
		293700.00, 1917.48
		294000.00, 2710.71
		294300.00, 2757.65
		294600.00, 1834.07
		294900.00, -64.91
		295200.00, -2665.99
		295500.00, -5378.95
		295800.00, -7495.19
		296100.00, -8433.68
		296400.00, -7943.89
		296700.00, -6160.46
		297000.00, -3483.11
		297300.00, -384.38
		297600.00, 2691.53
		297900.00, 5301.62
		298200.00, 7120.08
		298500.00, 7955.70
		298800.00, 7744.81
		299100.00, 6561.45
		299400.00, 4657.02
		299700.00, 2491.98
		300000.00, 687.74
		300300.00, -151.73
		300600.00, 310.91
		300900.00, 1981.81
		301200.00, 4361.67
		301500.00, 6738.48
		301800.00, 8414.16
		302100.00, 8856.46
		302400.00, 7815.03
		302700.00, 5380.58
		303000.00, 2003.36
		303300.00, -1542.79
		303600.00, -4280.00
		303900.00, -5449.30
		304200.00, -4846.84
		304500.00, -2832.54
		304800.00, -166.89
		305100.00, 2235.74
		305400.00, 3544.48
		305700.00, 3277.32
		306000.00, 1378.38
		306300.00, -1746.31
		306600.00, -5136.39
		306900.00, -7597.22
		307200.00, -8254.59
		307500.00, -6896.58
		307800.00, -3933.56
		308100.00, -82.99
		308400.00, 3872.20
		308700.00, 7149.98
		309000.00, 9226.36
		309300.00, 9863.97
		309600.00, 9057.86
		309900.00, 7007.50
		310200.00, 4172.36
		310500.00, 1302.23
		310800.00, -701.80
		311100.00, -1115.80
		311400.00, 240.74
		311700.00, 2934.15
		312000.00, 6065.10
		312300.00, 8648.38
		312600.00, 9914.76
		312900.00, 9463.29
		313200.00, 7287.61
		313500.00, 3776.15
		313800.00, -308.75
		314100.00, -3898.50
		314400.00, -5972.45
		314700.00, -6084.46
		315000.00, -4441.83
		315300.00, -1764.53
		315600.00, 1005.22
		315900.00, 2948.07
		316200.00, 3435.23
		316500.00, 2275.52
		316800.00, -266.14
		317100.00, -3428.24
		317400.00, -6071.21
		317700.00, -7213.59
		318000.00, -6446.77
		318300.00, -4010.11
		318600.00, -540.88
		318900.00, 3205.51
		319200.00, 6441.47
		319500.00, 8608.48
		319800.00, 9442.50
		320100.00, 8927.51
		320400.00, 7247.59
		320700.00, 4806.65
		321000.00, 2248.16
		321300.00, 347.78
		321600.00, -248.65
		321900.00, 686.99
		322200.00, 2839.51
		322500.00, 5473.42
		322800.00, 7729.99
		323100.00, 8899.52
		323400.00, 8591.18
		323700.00, 6786.71
		324000.00, 3831.78
		324300.00, 381.65
		324600.00, -2708.97
		324900.00, -4617.20
		325200.00, -4953.13
		325500.00, -3851.10
		325800.00, -1865.96
		326100.00, 246.49
		326400.00, 1747.66
		326700.00, 2117.73
		327000.00, 1199.78
		327300.00, -773.03
		327600.00, -3162.57
		327900.00, -5090.97
		328200.00, -5821.74
		328500.00, -5055.80
		328800.00, -2978.14
		329100.00, -79.84
		329400.00, 3030.41
		329700.00, 5722.08
		330000.00, 7548.37
		330300.00, 8297.23
		330600.00, 7966.72
		330900.00, 6729.25
		331200.00, 4921.33
		331500.00, 3028.09
		331800.00, 1601.69
		332100.00, 1093.00
		332400.00, 1670.02
		332700.00, 3132.48
		333000.00, 4980.04
		333300.00, 6594.55
		333600.00, 7432.29
		333900.00, 7178.18
		334200.00, 5815.13
		334500.00, 3611.78
		334800.00, 1051.40
		335100.00, -1285.28
		335400.00, -2860.13
		335700.00, -3389.47
		336000.00, -2935.79
		336300.00, -1844.18
		336600.00, -614.09
		336900.00, 258.17
		337200.00, 418.67
		337500.00, -239.94
		337800.00, -1531.34
		338100.00, -3002.72
		338400.00, -4089.16
		338700.00, -4335.34
		339000.00, -3563.29
		339300.00, -1896.07
		339600.00, 345.15
		339900.00, 2738.29
		340200.00, 4845.34
		340500.00, 6346.06
		340800.00, 7077.87
		341100.00, 7029.38
		341400.00, 6316.39
		341700.00, 5161.05
		342000.00, 3868.92
		342300.00, 2783.36
		342600.00, 2204.94
		342900.00, 2294.92
		343200.00, 3006.70
		343500.00, 4087.40
		343800.00, 5156.74
		344100.00, 5827.68
		344400.00, 5831.22
		344700.00, 5090.80
		345000.00, 3725.37
		345300.00, 2000.94
		345600.00, 253.47


##############################################################

Downstream boundary:
Initial depth = 9.500565443769295
Condition: Stage hydrograph
	Values:
		0.00, 485.00
		300.00, 485.00
		600.00, 485.00
		900.00, 485.00
		1200.00, 485.00
		1500.00, 485.00
		1800.00, 485.00
		2100.00, 485.00
		2400.00, 485.00
		2700.00, 485.00
		3000.00, 485.00
		3300.00, 485.00
		3600.00, 485.00
		3900.00, 485.00
		4200.00, 485.00
		4500.00, 485.00
		4800.00, 485.00
		5100.00, 485.00
		5400.00, 485.00
		5700.00, 485.00
		6000.00, 485.00
		6300.00, 485.00
		6600.00, 485.00
		6900.00, 485.00
		7200.00, 485.00
		7500.00, 485.00
		7800.00, 485.00
		8100.00, 485.00
		8400.00, 485.00
		8700.00, 485.00
		9000.00, 485.00
		9300.00, 485.00
		9600.00, 485.00
		9900.00, 485.00
		10200.00, 485.00
		10500.00, 485.00
		10800.00, 485.00
		11100.00, 485.01
		11400.00, 485.01
		11700.00, 485.01
		12000.00, 485.01
		12300.00, 485.00
		12600.00, 485.00
		12900.00, 484.99
		13200.00, 484.98
		13500.00, 484.98
		13800.00, 484.99
		14100.00, 485.00
		14400.00, 485.01
		14700.00, 485.02
		15000.00, 485.03
		15300.00, 485.03
		15600.00, 485.03
		15900.00, 485.01
		16200.00, 484.99
		16500.00, 484.97
		16800.00, 484.95
		17100.00, 484.95
		17400.00, 484.97
		17700.00, 484.99
		18000.00, 485.03
		18300.00, 485.06
		18600.00, 485.08
		18900.00, 485.08
		19200.00, 485.06
		19500.00, 485.02
		19800.00, 484.98
		20100.00, 484.93
		20400.00, 484.91
		20700.00, 484.90
		21000.00, 484.93
		21300.00, 484.98
		21600.00, 485.05
		21900.00, 485.11
		22200.00, 485.14
		22500.00, 485.14
		22800.00, 485.11
		23100.00, 485.04
		23400.00, 484.96
		23700.00, 484.89
		24000.00, 484.84
		24300.00, 484.83
		24600.00, 484.88
		24900.00, 484.97
		25200.00, 485.08
		25500.00, 485.17
		25800.00, 485.22
		26100.00, 485.21
		26400.00, 485.16
		26700.00, 485.07
		27000.00, 484.95
		27300.00, 484.85
		27600.00, 484.78
		27900.00, 484.78
		28200.00, 484.84
		28500.00, 484.96
		28800.00, 485.10
		29100.00, 485.22
		29400.00, 485.28
		29700.00, 485.28
		30000.00, 485.21
		30300.00, 485.09
		30600.00, 484.95
		30900.00, 484.83
		31200.00, 484.75
		31500.00, 484.74
		31800.00, 484.81
		32100.00, 484.95
		32400.00, 485.10
		32700.00, 485.24
		33000.00, 485.31
		33300.00, 485.30
		33600.00, 485.23
		33900.00, 485.11
		34200.00, 484.96
		34500.00, 484.83
		34800.00, 484.75
		35100.00, 484.74
		35400.00, 484.81
		35700.00, 484.95
		36000.00, 485.10
		36300.00, 485.24
		36600.00, 485.31
		36900.00, 485.31
		37200.00, 485.24
		37500.00, 485.13
		37800.00, 485.00
		38100.00, 484.88
		38400.00, 484.80
		38700.00, 484.79
		39000.00, 484.85
		39300.00, 484.96
		39600.00, 485.09
		39900.00, 485.20
		40200.00, 485.26
		40500.00, 485.27
		40800.00, 485.21
		41100.00, 485.12
		41400.00, 485.01
		41700.00, 484.92
		42000.00, 484.85
		42300.00, 484.84
		42600.00, 484.88
		42900.00, 484.95
		43200.00, 485.05
		43500.00, 485.14
		43800.00, 485.19
		44100.00, 485.20
		44400.00, 485.16
		44700.00, 485.10
		45000.00, 485.03
		45300.00, 484.96
		45600.00, 484.91
		45900.00, 484.90
		46200.00, 484.93
		46500.00, 484.98
		46800.00, 485.05
		47100.00, 485.11
		47400.00, 485.15
		47700.00, 485.16
		48000.00, 485.15
		48300.00, 485.11
		48600.00, 485.06
		48900.00, 485.01
		49200.00, 484.98
		49500.00, 484.97
		49800.00, 484.98
		50100.00, 485.00
		50400.00, 485.04
		50700.00, 485.08
		51000.00, 485.10
		51300.00, 485.11
		51600.00, 485.10
		51900.00, 485.08
		52200.00, 485.05
		52500.00, 485.02
		52800.00, 485.00
		53100.00, 484.99
		53400.00, 484.99
		53700.00, 485.01
		54000.00, 485.03
		54300.00, 485.05
		54600.00, 485.07
		54900.00, 485.08
		55200.00, 485.08
		55500.00, 485.07
		55800.00, 485.06
		56100.00, 485.05
		56400.00, 485.04
		56700.00, 485.04
		57000.00, 485.04
		57300.00, 485.05
		57600.00, 485.06
		57900.00, 485.07
		58200.00, 485.09
		58500.00, 485.09
		58800.00, 485.09
		59100.00, 485.09
		59400.00, 485.09
		59700.00, 485.08
		60000.00, 485.07
		60300.00, 485.07
		60600.00, 485.06
		60900.00, 485.06
		61200.00, 485.07
		61500.00, 485.07
		61800.00, 485.07
		62100.00, 485.07
		62400.00, 485.07
		62700.00, 485.07
		63000.00, 485.07
		63300.00, 485.06
		63600.00, 485.06
		63900.00, 485.06
		64200.00, 485.06
		64500.00, 485.06
		64800.00, 485.07
		65100.00, 485.07
		65400.00, 485.07
		65700.00, 485.08
		66000.00, 485.08
		66300.00, 485.08
		66600.00, 485.08
		66900.00, 485.08
		67200.00, 485.09
		67500.00, 485.09
		67800.00, 485.09
		68100.00, 485.09
		68400.00, 485.10
		68700.00, 485.10
		69000.00, 485.10
		69300.00, 485.10
		69600.00, 485.10
		69900.00, 485.10
		70200.00, 485.10
		70500.00, 485.10
		70800.00, 485.11
		71100.00, 485.11
		71400.00, 485.11
		71700.00, 485.11
		72000.00, 485.12
		72300.00, 485.12
		72600.00, 485.13
		72900.00, 485.13
		73200.00, 485.14
		73500.00, 485.14
		73800.00, 485.15
		74100.00, 485.15
		74400.00, 485.16
		74700.00, 485.16
		75000.00, 485.17
		75300.00, 485.17
		75600.00, 485.18
		75900.00, 485.18
		76200.00, 485.19
		76500.00, 485.19
		76800.00, 485.19
		77100.00, 485.20
		77400.00, 485.20
		77700.00, 485.20
		78000.00, 485.21
		78300.00, 485.21
		78600.00, 485.21
		78900.00, 485.22
		79200.00, 485.22
		79500.00, 485.23
		79800.00, 485.24
		80100.00, 485.24
		80400.00, 485.25
		80700.00, 485.26
		81000.00, 485.26
		81300.00, 485.27
		81600.00, 485.28
		81900.00, 485.28
		82200.00, 485.29
		82500.00, 485.29
		82800.00, 485.30
		83100.00, 485.31
		83400.00, 485.31
		83700.00, 485.32
		84000.00, 485.33
		84300.00, 485.33
		84600.00, 485.34
		84900.00, 485.34
		85200.00, 485.35
		85500.00, 485.35
		85800.00, 485.36
		86100.00, 485.36
		86400.00, 485.37
		86700.00, 485.38
		87000.00, 485.39
		87300.00, 485.39
		87600.00, 485.40
		87900.00, 485.41
		88200.00, 485.41
		88500.00, 485.42
		88800.00, 485.43
		89100.00, 485.44
		89400.00, 485.44
		89700.00, 485.45
		90000.00, 485.46
		90300.00, 485.47
		90600.00, 485.47
		90900.00, 485.48
		91200.00, 485.49
		91500.00, 485.49
		91800.00, 485.50
		92100.00, 485.51
		92400.00, 485.51
		92700.00, 485.52
		93000.00, 485.53
		93300.00, 485.53
		93600.00, 485.54
		93900.00, 485.55
		94200.00, 485.56
		94500.00, 485.56
		94800.00, 485.57
		95100.00, 485.58
		95400.00, 485.58
		95700.00, 485.59
		96000.00, 485.60
		96300.00, 485.61
		96600.00, 485.61
		96900.00, 485.62
		97200.00, 485.63
		97500.00, 485.64
		97800.00, 485.65
		98100.00, 485.65
		98400.00, 485.66
		98700.00, 485.67
		99000.00, 485.67
		99300.00, 485.68
		99600.00, 485.69
		99900.00, 485.70
		100200.00, 485.70
		100500.00, 485.71
		100800.00, 485.72
		101100.00, 485.72
		101400.00, 485.73
		101700.00, 485.74
		102000.00, 485.74
		102300.00, 485.75
		102600.00, 485.76
		102900.00, 485.77
		103200.00, 485.77
		103500.00, 485.78
		103800.00, 485.79
		104100.00, 485.79
		104400.00, 485.80
		104700.00, 485.81
		105000.00, 485.82
		105300.00, 485.82
		105600.00, 485.83
		105900.00, 485.84
		106200.00, 485.84
		106500.00, 485.85
		106800.00, 485.86
		107100.00, 485.87
		107400.00, 485.87
		107700.00, 485.88
		108000.00, 485.89
		108300.00, 485.89
		108600.00, 485.90
		108900.00, 485.91
		109200.00, 485.91
		109500.00, 485.92
		109800.00, 485.92
		110100.00, 485.93
		110400.00, 485.94
		110700.00, 485.94
		111000.00, 485.95
		111300.00, 485.96
		111600.00, 485.96
		111900.00, 485.97
		112200.00, 485.98
		112500.00, 485.98
		112800.00, 485.99
		113100.00, 486.00
		113400.00, 486.00
		113700.00, 486.01
		114000.00, 486.02
		114300.00, 486.02
		114600.00, 486.03
		114900.00, 486.04
		115200.00, 486.04
		115500.00, 486.05
		115800.00, 486.05
		116100.00, 486.06
		116400.00, 486.07
		116700.00, 486.07
		117000.00, 486.08
		117300.00, 486.08
		117600.00, 486.09
		117900.00, 486.09
		118200.00, 486.10
		118500.00, 486.11
		118800.00, 486.11
		119100.00, 486.12
		119400.00, 486.12
		119700.00, 486.13
		120000.00, 486.14
		120300.00, 486.14
		120600.00, 486.15
		120900.00, 486.15
		121200.00, 486.16
		121500.00, 486.16
		121800.00, 486.17
		122100.00, 486.17
		122400.00, 486.18
		122700.00, 486.18
		123000.00, 486.19
		123300.00, 486.19
		123600.00, 486.20
		123900.00, 486.20
		124200.00, 486.21
		124500.00, 486.21
		124800.00, 486.22
		125100.00, 486.22
		125400.00, 486.23
		125700.00, 486.23
		126000.00, 486.24
		126300.00, 486.24
		126600.00, 486.25
		126900.00, 486.25
		127200.00, 486.26
		127500.00, 486.26
		127800.00, 486.27
		128100.00, 486.27
		128400.00, 486.28
		128700.00, 486.28
		129000.00, 486.29
		129300.00, 486.29
		129600.00, 486.29
		129900.00, 486.30
		130200.00, 486.30
		130500.00, 486.31
		130800.00, 486.31
		131100.00, 486.31
		131400.00, 486.32
		131700.00, 486.32
		132000.00, 486.33
		132300.00, 486.33
		132600.00, 486.33
		132900.00, 486.34
		133200.00, 486.34
		133500.00, 486.34
		133800.00, 486.35
		134100.00, 486.35
		134400.00, 486.36
		134700.00, 486.36
		135000.00, 486.36
		135300.00, 486.37
		135600.00, 486.37
		135900.00, 486.37
		136200.00, 486.37
		136500.00, 486.38
		136800.00, 486.38
		137100.00, 486.38
		137400.00, 486.39
		137700.00, 486.39
		138000.00, 486.39
		138300.00, 486.39
		138600.00, 486.40
		138900.00, 486.40
		139200.00, 486.40
		139500.00, 486.40
		139800.00, 486.41
		140100.00, 486.41
		140400.00, 486.41
		140700.00, 486.42
		141000.00, 486.42
		141300.00, 486.42
		141600.00, 486.42
		141900.00, 486.42
		142200.00, 486.43
		142500.00, 486.43
		142800.00, 486.43
		143100.00, 486.43
		143400.00, 486.43
		143700.00, 486.44
		144000.00, 486.44
		144300.00, 486.44
		144600.00, 486.44
		144900.00, 486.44
		145200.00, 486.44
		145500.00, 486.45
		145800.00, 486.45
		146100.00, 486.45
		146400.00, 486.45
		146700.00, 486.45
		147000.00, 486.45
		147300.00, 486.45
		147600.00, 486.46
		147900.00, 486.46
		148200.00, 486.46
		148500.00, 486.46
		148800.00, 486.46
		149100.00, 486.46
		149400.00, 486.46
		149700.00, 486.46
		150000.00, 486.46
		150300.00, 486.46
		150600.00, 486.47
		150900.00, 486.47
		151200.00, 486.47
		151500.00, 486.47
		151800.00, 486.47
		152100.00, 486.47
		152400.00, 486.47
		152700.00, 486.47
		153000.00, 486.47
		153300.00, 486.47
		153600.00, 486.47
		153900.00, 486.47
		154200.00, 486.47
		154500.00, 486.47
		154800.00, 486.47
		155100.00, 486.47
		155400.00, 486.47
		155700.00, 486.47
		156000.00, 486.47
		156300.00, 486.47
		156600.00, 486.47
		156900.00, 486.47
		157200.00, 486.47
		157500.00, 486.47
		157800.00, 486.47
		158100.00, 486.46
		158400.00, 486.46
		158700.00, 486.46
		159000.00, 486.46
		159300.00, 486.46
		159600.00, 486.46
		159900.00, 486.46
		160200.00, 486.46
		160500.00, 486.46
		160800.00, 486.46
		161100.00, 486.46
		161400.00, 486.45
		161700.00, 486.45
		162000.00, 486.45
		162300.00, 486.45
		162600.00, 486.45
		162900.00, 486.45
		163200.00, 486.45
		163500.00, 486.44
		163800.00, 486.44
		164100.00, 486.44
		164400.00, 486.44
		164700.00, 486.44
		165000.00, 486.43
		165300.00, 486.43
		165600.00, 486.43
		165900.00, 486.43
		166200.00, 486.43
		166500.00, 486.42
		166800.00, 486.42
		167100.00, 486.42
		167400.00, 486.42
		167700.00, 486.41
		168000.00, 486.41
		168300.00, 486.41
		168600.00, 486.41
		168900.00, 486.40
		169200.00, 486.40
		169500.00, 486.40
		169800.00, 486.40
		170100.00, 486.39
		170400.00, 486.39
		170700.00, 486.39
		171000.00, 486.39
		171300.00, 486.38
		171600.00, 486.38
		171900.00, 486.38
		172200.00, 486.37
		172500.00, 486.37
		172800.00, 486.37
		173100.00, 486.36
		173400.00, 486.36
		173700.00, 486.36
		174000.00, 486.35
		174300.00, 486.35
		174600.00, 486.35
		174900.00, 486.34
		175200.00, 486.34
		175500.00, 486.34
		175800.00, 486.33
		176100.00, 486.33
		176400.00, 486.32
		176700.00, 486.32
		177000.00, 486.32
		177300.00, 486.31
		177600.00, 486.31
		177900.00, 486.31
		178200.00, 486.30
		178500.00, 486.30
		178800.00, 486.29
		179100.00, 486.29
		179400.00, 486.28
		179700.00, 486.28
		180000.00, 486.28
		180300.00, 486.27
		180600.00, 486.27
		180900.00, 486.26
		181200.00, 486.26
		181500.00, 486.25
		181800.00, 486.25
		182100.00, 486.24
		182400.00, 486.24
		182700.00, 486.24
		183000.00, 486.23
		183300.00, 486.23
		183600.00, 486.22
		183900.00, 486.22
		184200.00, 486.21
		184500.00, 486.21
		184800.00, 486.20
		185100.00, 486.20
		185400.00, 486.19
		185700.00, 486.19
		186000.00, 486.18
		186300.00, 486.18
		186600.00, 486.17
		186900.00, 486.16
		187200.00, 486.16
		187500.00, 486.15
		187800.00, 486.15
		188100.00, 486.14
		188400.00, 486.14
		188700.00, 486.13
		189000.00, 486.13
		189300.00, 486.12
		189600.00, 486.12
		189900.00, 486.11
		190200.00, 486.10
		190500.00, 486.10
		190800.00, 486.09
		191100.00, 486.09
		191400.00, 486.08
		191700.00, 486.07
		192000.00, 486.07
		192300.00, 486.06
		192600.00, 486.06
		192900.00, 486.05
		193200.00, 486.04
		193500.00, 486.04
		193800.00, 486.03
		194100.00, 486.03
		194400.00, 486.02
		194700.00, 486.01
		195000.00, 486.01
		195300.00, 486.00
		195600.00, 485.99
		195900.00, 485.99
		196200.00, 485.98
		196500.00, 485.98
		196800.00, 485.97
		197100.00, 485.96
		197400.00, 485.96
		197700.00, 485.95
		198000.00, 485.94
		198300.00, 485.94
		198600.00, 485.93
		198900.00, 485.92
		199200.00, 485.92
		199500.00, 485.91
		199800.00, 485.90
		200100.00, 485.89
		200400.00, 485.89
		200700.00, 485.88
		201000.00, 485.87
		201300.00, 485.87
		201600.00, 485.86
		201900.00, 485.85
		202200.00, 485.85
		202500.00, 485.84
		202800.00, 485.83
		203100.00, 485.82
		203400.00, 485.82
		203700.00, 485.81
		204000.00, 485.80
		204300.00, 485.80
		204600.00, 485.79
		204900.00, 485.78
		205200.00, 485.77
		205500.00, 485.77
		205800.00, 485.76
		206100.00, 485.75
		206400.00, 485.74
		206700.00, 485.74
		207000.00, 485.73
		207300.00, 485.72
		207600.00, 485.71
		207900.00, 485.70
		208200.00, 485.70
		208500.00, 485.69
		208800.00, 485.68
		209100.00, 485.67
		209400.00, 485.67
		209700.00, 485.66
		210000.00, 485.65
		210300.00, 485.64
		210600.00, 485.63
		210900.00, 485.63
		211200.00, 485.62
		211500.00, 485.61
		211800.00, 485.60
		212100.00, 485.59
		212400.00, 485.58
		212700.00, 485.58
		213000.00, 485.57
		213300.00, 485.56
		213600.00, 485.55
		213900.00, 485.54
		214200.00, 485.53
		214500.00, 485.53
		214800.00, 485.52
		215100.00, 485.51
		215400.00, 485.50
		215700.00, 485.49
		216000.00, 485.48
		216300.00, 485.47
		216600.00, 485.47
		216900.00, 485.46
		217200.00, 485.45
		217500.00, 485.44
		217800.00, 485.43
		218100.00, 485.42
		218400.00, 485.41
		218700.00, 485.40
		219000.00, 485.40
		219300.00, 485.39
		219600.00, 485.38
		219900.00, 485.37
		220200.00, 485.36
		220500.00, 485.35
		220800.00, 485.34
		221100.00, 485.33
		221400.00, 485.32
		221700.00, 485.31
		222000.00, 485.31
		222300.00, 485.30
		222600.00, 485.29
		222900.00, 485.28
		223200.00, 485.27
		223500.00, 485.26
		223800.00, 485.25
		224100.00, 485.24
		224400.00, 485.23
		224700.00, 485.22
		225000.00, 485.21
		225300.00, 485.20
		225600.00, 485.19
		225900.00, 485.18
		226200.00, 485.17
		226500.00, 485.17
		226800.00, 485.16
		227100.00, 485.15
		227400.00, 485.14
		227700.00, 485.13
		228000.00, 485.12
		228300.00, 485.11
		228600.00, 485.10
		228900.00, 485.09
		229200.00, 485.08
		229500.00, 485.07
		229800.00, 485.06
		230100.00, 485.05
		230400.00, 485.04
		230700.00, 485.03
		231000.00, 485.02
		231300.00, 485.01
		231600.00, 485.00
		231900.00, 484.99
		232200.00, 484.98
		232500.00, 484.97
		232800.00, 484.96
		233100.00, 484.95
		233400.00, 484.95
		233700.00, 484.95
		234000.00, 484.94
		234300.00, 484.95
		234600.00, 484.95
		234900.00, 484.95
		235200.00, 484.95
		235500.00, 484.96
		235800.00, 484.96
		236100.00, 484.97
		236400.00, 484.97
		236700.00, 484.98
		237000.00, 484.99
		237300.00, 485.01
		237600.00, 485.02
		237900.00, 485.04
		238200.00, 485.06
		238500.00, 485.06
		238800.00, 485.05
		239100.00, 485.03
		239400.00, 484.98
		239700.00, 484.91
		240000.00, 484.84
		240300.00, 484.79
		240600.00, 484.78
		240900.00, 484.83
		241200.00, 484.93
		241500.00, 485.07
		241800.00, 485.21
		242100.00, 485.30
		242400.00, 485.31
		242700.00, 485.24
		243000.00, 485.08
		243300.00, 484.84
		243600.00, 484.57
		243900.00, 484.36
		244200.00, 484.30
		244500.00, 484.45
		244800.00, 484.81
		245100.00, 485.28
		245400.00, 485.69
		245700.00, 485.92
		246000.00, 485.95
		246300.00, 485.82
		246600.00, 485.53
		246900.00, 485.08
		247200.00, 484.48
		247500.00, 483.93
		247800.00, 483.62
		248100.00, 483.68
		248400.00, 484.11
		248700.00, 484.88
		249000.00, 485.66
		249300.00, 486.11
		249600.00, 486.20
		249900.00, 486.01
		250200.00, 485.62
		250500.00, 484.99
		250800.00, 484.16
		251100.00, 483.40
		251400.00, 482.99
		251700.00, 483.02
		252000.00, 483.52
		252300.00, 484.46
		252600.00, 485.50
		252900.00, 486.16
		253200.00, 486.36
		253500.00, 486.23
		253800.00, 485.87
		254100.00, 485.30
		254400.00, 484.53
		254700.00, 483.80
		255000.00, 483.39
		255300.00, 483.45
		255600.00, 484.00
		255900.00, 484.95
		256200.00, 485.89
		256500.00, 486.46
		256800.00, 486.62
		257100.00, 486.49
		257400.00, 486.16
		257700.00, 485.65
		258000.00, 484.95
		258300.00, 484.21
		258600.00, 483.70
		258900.00, 483.61
		259200.00, 483.97
		259500.00, 484.73
		259800.00, 485.63
		260100.00, 486.22
		260400.00, 486.39
		260700.00, 486.24
		261000.00, 485.87
		261300.00, 485.28
		261600.00, 484.48
		261900.00, 483.71
		262200.00, 483.26
		262500.00, 483.23
		262800.00, 483.66
		263100.00, 484.48
		263400.00, 485.44
		263700.00, 486.09
		264000.00, 486.31
		264300.00, 486.20
		264600.00, 485.89
		264900.00, 485.44
		265200.00, 484.87
		265500.00, 484.33
		265800.00, 484.03
		266100.00, 484.07
		266400.00, 484.49
		266700.00, 485.18
		267000.00, 485.87
		267300.00, 486.30
		267600.00, 486.41
		267900.00, 486.29
		268200.00, 485.98
		268500.00, 485.54
		268800.00, 485.00
		269100.00, 484.48
		269400.00, 484.16
		269700.00, 484.13
		270000.00, 484.41
		270300.00, 484.93
		270600.00, 485.49
		270900.00, 485.86
		271200.00, 485.93
		271500.00, 485.77
		271800.00, 485.43
		272100.00, 484.94
		272400.00, 484.39
		272700.00, 483.94
		273000.00, 483.74
		273300.00, 483.85
		273600.00, 484.25
		273900.00, 484.86
		274200.00, 485.47
		274500.00, 485.85
		274800.00, 485.96
		275100.00, 485.86
		275400.00, 485.61
		275700.00, 485.28
		276000.00, 484.93
		276300.00, 484.64
		276600.00, 484.50
		276900.00, 484.58
		277200.00, 484.87
		277500.00, 485.27
		277800.00, 485.66
		278100.00, 485.91
		278400.00, 485.97
		278700.00, 485.86
		279000.00, 485.62
		279300.00, 485.31
		279600.00, 484.96
		279900.00, 484.66
		280200.00, 484.48
		280500.00, 484.46
		280800.00, 484.60
		281100.00, 484.83
		281400.00, 485.09
		281700.00, 485.27
		282000.00, 485.31
		282300.00, 485.22
		282600.00, 485.03
		282900.00, 484.77
		283200.00, 484.51
		283500.00, 484.32
		283800.00, 484.27
		284100.00, 484.38
		284400.00, 484.61
		284700.00, 484.93
		285000.00, 485.24
		285300.00, 485.48
		285600.00, 485.59
		285900.00, 485.59
		286200.00, 485.51
		286500.00, 485.38
		286800.00, 485.24
		287100.00, 485.12
		287400.00, 485.06
		287700.00, 485.08
		288000.00, 485.17
		288300.00, 485.30
		288600.00, 485.43
		288900.00, 485.51
		289200.00, 485.53
		289500.00, 485.48
		289800.00, 485.36
		290100.00, 485.21
		290400.00, 485.04
		290700.00, 484.88
		291000.00, 484.75
		291300.00, 484.67
		291600.00, 484.64
		291900.00, 484.65
		292200.00, 484.69
		292500.00, 484.75
		292800.00, 484.80
		293100.00, 484.84
		293400.00, 484.86
		293700.00, 484.85
		294000.00, 484.82
		294300.00, 484.78
		294600.00, 484.76
		294900.00, 484.75
		295200.00, 484.79
		295500.00, 484.87
		295800.00, 485.00
		296100.00, 485.16
		296400.00, 485.33
		296700.00, 485.48
		297000.00, 485.57
		297300.00, 485.62
		297600.00, 485.62
		297900.00, 485.57
		298200.00, 485.50
		298500.00, 485.41
		298800.00, 485.32
		299100.00, 485.24
		299400.00, 485.19
		299700.00, 485.17
		300000.00, 485.18
		300300.00, 485.21
		300600.00, 485.22
		300900.00, 485.19
		301200.00, 485.12
		301500.00, 485.00
		301800.00, 484.86
		302100.00, 484.70
		302400.00, 484.57
		302700.00, 484.49
		303000.00, 484.48
		303300.00, 484.55
		303600.00, 484.68
		303900.00, 484.84
		304200.00, 484.99
		304500.00, 485.09
		304800.00, 485.12
		305100.00, 485.08
		305400.00, 484.99
		305700.00, 484.89
		306000.00, 484.81
		306300.00, 484.81
		306600.00, 484.89
		306900.00, 485.06
		307200.00, 485.27
		307500.00, 485.48
		307800.00, 485.64
		308100.00, 485.72
		308400.00, 485.71
		308700.00, 485.64
		309000.00, 485.51
		309300.00, 485.35
		309600.00, 485.19
		309900.00, 485.06
		310200.00, 484.99
		310500.00, 484.99
		310800.00, 485.04
		311100.00, 485.12
		311400.00, 485.17
		311700.00, 485.16
		312000.00, 485.09
		312300.00, 484.95
		312600.00, 484.78
		312900.00, 484.60
		313200.00, 484.47
		313500.00, 484.42
		313800.00, 484.47
		314100.00, 484.60
		314400.00, 484.77
		314700.00, 484.95
		315000.00, 485.09
		315300.00, 485.15
		315600.00, 485.13
		315900.00, 485.04
		316200.00, 484.94
		316500.00, 484.85
		316800.00, 484.82
		317100.00, 484.87
		317400.00, 485.01
		317700.00, 485.21
		318000.00, 485.43
		318300.00, 485.60
		318600.00, 485.70
		318900.00, 485.72
		319200.00, 485.66
		319500.00, 485.54
		319800.00, 485.39
		320100.00, 485.23
		320400.00, 485.09
		320700.00, 485.01
		321000.00, 484.99
		321300.00, 485.02
		321600.00, 485.08
		321900.00, 485.12
		322200.00, 485.11
		322500.00, 485.05
		322800.00, 484.93
		323100.00, 484.78
		323400.00, 484.62
		323700.00, 484.51
		324000.00, 484.46
		324300.00, 484.50
		324600.00, 484.61
		324900.00, 484.77
		325200.00, 484.93
		325500.00, 485.05
		325800.00, 485.11
		326100.00, 485.10
		326400.00, 485.05
		326700.00, 484.97
		327000.00, 484.91
		327300.00, 484.90
		327600.00, 484.95
		327900.00, 485.08
		328200.00, 485.25
		328500.00, 485.42
		328800.00, 485.57
		329100.00, 485.65
		329400.00, 485.66
		329700.00, 485.62
		330000.00, 485.52
		330300.00, 485.39
		330600.00, 485.25
		330900.00, 485.14
		331200.00, 485.05
		331500.00, 485.02
		331800.00, 485.02
		332100.00, 485.04
		332400.00, 485.05
		332700.00, 485.03
		333000.00, 484.97
		333300.00, 484.87
		333600.00, 484.74
		333900.00, 484.63
		334200.00, 484.55
		334500.00, 484.53
		334800.00, 484.56
		335100.00, 484.65
		335400.00, 484.77
		335700.00, 484.90
		336000.00, 485.00
		336300.00, 485.05
		336600.00, 485.06
		336900.00, 485.03
		337200.00, 485.00
		337500.00, 484.98
		337800.00, 484.99
		338100.00, 485.06
		338400.00, 485.16
		338700.00, 485.29
		339000.00, 485.43
		339300.00, 485.53
		339600.00, 485.59
		339900.00, 485.61
		340200.00, 485.57
		340500.00, 485.49
		340800.00, 485.39
		341100.00, 485.28
		341400.00, 485.18
		341700.00, 485.10
		342000.00, 485.04
		342300.00, 485.01
		342600.00, 484.99
		342900.00, 484.97
		343200.00, 484.94
		343500.00, 484.88
		343800.00, 484.81
		344100.00, 484.73
		344400.00, 484.65
		344700.00, 484.60
		345000.00, 484.59
		345300.00, 484.62
		345600.00, 484.68


##############################################################

Initial conditions:
A = 26105.11, Q = 1562.50 m^3/s
A = 26224.91, Q = 1562.50 m^3/s
A = 26344.72, Q = 1562.50 m^3/s
A = 26464.53, Q = 1562.50 m^3/s
A = 26584.34, Q = 1562.50 m^3/s
A = 26704.16, Q = 1562.50 m^3/s
A = 26823.98, Q = 1562.50 m^3/s
A = 26943.80, Q = 1562.50 m^3/s
A = 27063.62, Q = 1562.50 m^3/s
A = 27183.45, Q = 1562.50 m^3/s
A = 27303.28, Q = 1562.50 m^3/s
A = 27423.11, Q = 1562.50 m^3/s
A = 27542.94, Q = 1562.50 m^3/s
A = 27662.78, Q = 1562.50 m^3/s
A = 27782.62, Q = 1562.50 m^3/s
A = 27902.46, Q = 1562.50 m^3/s
A = 28022.30, Q = 1562.50 m^3/s
A = 28142.15, Q = 1562.50 m^3/s
A = 28261.99, Q = 1562.50 m^3/s
A = 28381.84, Q = 1562.50 m^3/s
A = 28501.70, Q = 1562.50 m^3/s
